Circadian Clock	6	2	2	1	8	2	3	2	0	2	0	0	0	0	1	0	0	1	2	0	0	1	1	1	3	4	1	7	0	1	2	0	0	2	4	3	1	5	2	1	0	2	2	3	2	1	0	0	0	2	0	0	0	0	0	0	0	0	0	1	0	0	0	0	0	0	0	0	0	1	0	0	0	0	0	0	0	1	0	1	0	0	0	0	0	0	0	1	0	0	1	1	1	0	1	0	1	1	1	0
Adaptive Immune System	75	16	12	6	61	45	13	8	13	4	0	3	1	11	3	5	6	11	8	9	8	9	36	5	7	39	10	66	5	14	10	7	3	50	30	12	12	9	12	4	0	7	11	14	11	6	7	2	6	7	4	3	1	0	2	3	0	2	1	2	1	1	1	2	8	2	2	1	1	1	2	1	0	1	0	0	1	3	3	1	3	3	0	2	2	1	5	3	0	0	3	3	4	2	31	2	1	3	5	4
Innate Immune System	72	14	12	8	49	36	18	9	16	3	1	5	1	9	3	4	5	9	3	6	4	9	41	6	5	32	9	80	3	10	6	9	15	39	29	14	7	11	13	4	0	7	10	17	15	4	6	1	6	8	6	3	3	4	4	1	3	1	2	2	1	2	1	3	4	3	2	2	4	1	1	0	2	4	0	1	1	3	4	3	4	2	0	3	3	5	4	4	1	1	3	2	4	2	26	3	1	4	7	4
Metabolism of porphyrins	3	1	1	1	0	0	0	0	0	0	0	0	0	0	0	0	0	0	0	0	0	0	1	0	0	0	0	1	0	0	0	0	0	0	1	0	0	0	0	0	0	0	0	0	1	0	0	0	0	0	0	0	0	0	0	0	0	0	0	0	0	0	0	0	0	0	0	0	0	0	0	0	0	0	0	0	0	0	0	0	0	0	0	0	0	0	0	0	0	0	0	0	0	0	0	0	0	0	0	0
Transmission across Chemical Synapses	21	4	4	4	17	16	12	4	9	1	0	0	2	2	4	0	0	2	5	4	1	2	8	0	3	13	2	16	2	1	2	3	1	19	9	6	5	1	7	1	1	1	6	11	6	2	4	0	4	3	0	0	1	3	1	2	0	1	1	0	0	1	0	0	1	0	1	0	0	0	0	0	0	0	0	0	0	1	1	2	0	1	0	1	0	0	1	0	0	0	1	1	1	0	7	1	0	0	0	1
Signaling by Wnt	44	5	7	4	23	20	7	5	6	2	0	0	1	2	3	0	3	10	9	2	1	6	12	2	3	12	6	32	1	4	4	2	1	27	19	7	3	4	11	0	1	6	3	7	8	4	5	1	3	2	0	0	2	0	1	1	1	1	0	1	1	0	0	0	3	0	1	2	0	2	0	0	0	2	0	1	0	1	1	2	1	1	0	0	1	4	1	1	0	0	0	1	1	1	9	1	1	1	1	2
Cytosolic iron-sulfur cluster assembly	3	0	0	0	1	0	0	0	0	0	0	0	0	0	0	0	0	0	0	0	0	0	0	0	0	0	0	2	0	0	0	0	0	1	0	0	0	0	1	0	0	0	0	0	0	0	0	0	0	0	0	0	0	0	0	0	0	0	0	0	0	0	0	0	0	0	0	0	0	0	0	0	0	0	0	0	0	0	0	0	0	0	0	0	0	0	0	0	0	0	0	0	0	0	1	0	0	0	0	0
Deadenylation-dependent mRNA decay	7	0	1	1	3	3	4	2	0	0	0	1	1	0	1	0	0	0	0	0	2	0	4	0	0	0	1	7	0	0	1	0	1	4	4	3	1	1	3	0	1	1	1	1	3	0	1	0	0	0	0	1	1	0	1	0	1	0	0	1	0	0	0	0	0	0	0	0	0	0	0	0	0	0	0	0	0	0	0	0	0	0	0	0	0	0	0	0	0	0	0	1	0	0	3	0	0	0	0	0
Signaling by PDGF	25	6	6	5	21	13	9	5	5	3	0	0	1	3	1	3	4	3	5	5	3	5	11	4	1	14	4	24	1	4	1	4	1	12	10	4	4	6	4	2	0	2	6	5	5	4	4	0	3	0	3	1	0	1	1	1	0	1	2	0	1	1	0	1	5	0	1	1	0	0	1	0	0	1	0	0	1	3	2	1	3	1	0	0	0	2	2	0	0	0	1	0	5	2	15	2	1	2	2	3
Scavenging by Class B Receptors	1	0	0	0	1	2	0	0	0	0	0	0	0	0	0	0	0	0	0	0	1	0	0	0	0	0	1	0	0	1	0	1	0	0	0	1	1	0	0	0	0	0	0	1	1	0	1	0	0	0	0	0	0	0	0	1	0	0	0	0	0	0	0	0	0	0	0	0	0	0	0	0	0	0	0	0	0	0	0	0	0	0	0	0	0	0	0	0	0	0	0	0	0	0	0	0	0	0	0	0
Signaling by Leptin	5	4	0	1	3	2	1	1	0	0	0	0	0	0	0	0	0	0	0	0	1	0	0	0	0	1	2	0	0	1	0	0	0	2	2	0	0	1	0	0	0	0	0	1	0	0	1	0	1	0	0	0	0	0	0	0	0	0	0	0	0	0	0	0	0	0	0	0	0	0	0	0	0	0	0	0	0	0	1	0	0	0	0	0	0	0	0	0	0	0	0	0	1	0	2	0	0	0	0	0
Signaling by TGF-beta Receptor Complex	7	2	1	1	5	2	4	0	1	0	0	1	0	0	0	1	0	2	1	0	0	1	1	0	0	10	2	6	2	0	0	1	1	3	4	2	1	1	1	1	0	0	2	2	1	0	1	0	1	1	0	0	0	1	1	0	0	0	0	0	0	0	0	1	0	0	0	0	1	0	1	0	0	0	0	0	0	2	1	1	0	1	0	0	0	0	0	0	0	0	0	0	0	1	2	0	0	0	0	0
HDACs deacetylate histones	4	3	1	0	1	3	2	1	1	0	0	0	0	0	1	0	0	7	5	0	0	0	0	0	0	2	2	11	0	0	0	0	0	2	3	4	1	1	1	0	0	1	1	2	6	0	0	0	0	0	0	1	0	0	1	0	0	0	0	2	0	1	1	0	0	0	0	0	0	0	0	0	0	0	0	0	0	1	0	1	1	0	0	0	0	2	1	0	0	0	0	1	0	0	2	0	0	0	0	0
Apoptotic execution  phase	8	1	2	2	10	9	4	1	1	0	0	0	0	0	1	0	3	1	2	0	1	2	1	0	0	4	1	6	1	2	2	0	0	2	4	0	2	0	1	0	0	0	0	2	0	0	0	0	0	0	0	1	0	0	0	0	1	0	0	0	0	0	0	0	0	0	1	1	0	1	1	0	0	0	0	0	1	0	0	1	0	0	0	0	0	1	0	0	0	0	0	0	0	0	1	1	0	0	0	0
Extrinsic Pathway for Apoptosis	1	1	0	1	1	0	2	1	1	1	0	1	0	0	1	0	1	0	0	0	0	1	2	2	2	3	0	2	1	0	2	0	0	1	2	0	0	2	1	1	0	2	1	1	0	1	0	0	1	1	0	0	0	0	0	0	0	0	0	0	0	0	0	0	0	0	0	0	0	0	0	0	0	0	0	0	0	0	1	0	0	0	0	0	0	0	0	0	0	0	0	0	0	0	1	0	0	0	0	0
Signaling by NODAL	3	0	1	1	1	1	2	0	1	0	0	0	0	0	0	0	0	0	0	0	0	0	0	0	0	1	0	1	0	0	0	1	0	1	1	1	0	0	1	1	0	0	0	0	1	0	0	0	1	0	0	0	0	1	0	0	0	0	0	0	0	0	0	0	0	0	0	0	1	0	0	0	0	0	0	0	0	2	0	0	0	1	0	0	0	0	0	0	0	0	0	0	0	0	1	0	0	0	0	0
Signaling by BMP	1	0	0	1	2	2	0	0	0	1	0	0	0	0	0	0	0	0	0	0	0	0	1	0	0	0	0	0	0	1	1	0	0	2	0	0	1	0	0	1	0	0	0	0	0	0	0	0	1	0	0	1	0	1	0	0	0	0	0	0	0	0	0	0	0	0	0	0	1	0	0	0	0	0	0	0	0	1	0	0	0	1	0	0	0	0	0	0	0	0	0	0	1	1	2	0	0	0	0	0
Peptide hormone metabolism	9	2	0	0	5	5	2	1	2	0	0	0	0	0	2	0	0	0	1	0	2	1	2	2	0	5	2	8	2	2	0	1	0	5	4	3	2	1	5	1	0	1	1	4	4	0	2	0	0	2	0	0	0	0	0	1	1	0	0	1	0	0	0	0	0	0	0	0	0	0	0	0	0	0	0	0	0	1	0	1	0	0	0	0	0	1	1	1	0	0	0	2	0	0	2	0	0	0	0	0
PI3K/AKT Signaling in Cancer	16	2	2	2	11	6	5	3	5	2	0	0	1	2	0	3	3	2	2	2	3	4	9	4	1	9	2	16	1	2	1	3	1	9	4	3	2	5	1	2	0	1	3	2	3	2	2	0	2	0	2	1	0	0	1	1	0	0	1	0	1	1	0	1	2	0	1	1	0	0	1	0	0	1	0	0	1	1	2	1	3	1	0	0	0	1	2	0	0	0	1	0	2	1	10	2	1	2	2	3
DAG and IP3 signaling	3	0	2	1	2	1	2	0	0	0	0	0	0	1	1	0	0	0	0	3	0	1	0	0	0	2	0	6	0	1	0	1	0	2	3	0	0	1	1	0	0	1	1	1	0	0	1	0	0	0	0	0	0	1	0	0	0	0	1	0	0	0	0	0	0	0	0	0	0	0	0	0	0	0	0	0	0	0	0	0	0	0	0	0	0	0	1	0	0	0	1	0	0	0	0	0	0	1	0	0
Defects in vitamin and cofactor metabolism	14	5	2	3	11	11	2	2	2	0	0	0	0	1	0	0	1	1	2	0	2	2	12	1	0	8	0	8	0	0	2	2	0	7	4	3	2	1	1	2	0	1	1	3	3	0	1	0	4	2	0	1	0	0	0	1	0	0	0	0	0	0	0	0	2	0	0	0	0	0	0	0	1	1	0	0	0	0	0	0	0	0	0	0	0	1	1	0	1	0	0	0	0	0	7	1	0	0	1	1
Signalling by NGF	30	8	8	7	24	16	13	6	9	2	0	1	1	5	4	4	5	10	5	5	3	6	16	4	4	30	5	35	4	5	3	4	1	21	17	6	4	8	8	6	0	4	9	8	6	5	4	2	3	3	2	1	2	4	2	1	0	0	2	1	1	2	0	2	3	0	1	3	1	0	1	0	0	1	0	0	1	3	4	2	4	2	0	0	2	2	3	2	1	0	1	1	3	1	19	2	1	2	4	4
Signaling by EGFR	21	4	6	4	15	8	7	4	5	2	0	0	1	3	1	3	3	3	2	5	3	6	12	5	2	15	5	24	2	5	1	6	2	15	10	3	2	6	4	3	0	2	5	4	3	2	5	1	5	0	2	1	0	1	1	1	0	0	2	0	1	1	0	1	2	0	1	1	0	0	1	0	0	1	0	0	1	1	2	1	3	1	0	0	0	1	2	0	0	0	1	0	3	1	11	2	1	2	2	4
Detoxification of Reactive Oxygen Species	4	0	0	0	2	2	0	2	0	0	0	0	1	0	0	0	0	0	0	0	0	2	1	0	0	2	0	6	0	1	0	0	0	3	0	0	0	0	0	0	0	0	0	0	0	0	0	0	0	0	0	0	0	0	0	0	0	0	0	0	0	0	0	0	0	0	0	0	1	0	0	0	0	0	0	0	0	0	0	0	0	0	0	0	0	0	0	0	0	0	0	0	0	0	0	0	0	0	0	0
Integration of energy metabolism	17	1	5	2	10	8	7	2	2	0	0	0	0	3	0	0	0	2	1	2	1	1	1	2	2	6	1	9	0	1	0	2	0	5	5	1	1	1	4	0	0	2	3	5	2	0	1	0	2	3	0	0	0	1	0	1	0	1	1	0	0	1	0	0	2	1	1	0	0	0	0	0	0	1	0	0	0	0	1	0	0	0	0	0	0	1	2	1	0	0	0	0	0	0	7	0	0	1	2	2
Aquaporin-mediated transport	5	0	3	1	0	0	3	0	0	0	0	0	0	1	0	0	0	1	0	3	0	0	1	0	1	3	1	6	0	0	1	1	0	3	3	0	1	1	4	0	0	0	2	3	0	0	1	0	0	0	0	0	0	1	1	0	0	0	1	0	0	0	0	0	0	0	0	0	0	0	0	0	0	0	0	0	0	0	0	0	0	0	0	0	0	0	2	0	0	0	0	0	0	0	0	0	0	0	0	0
Signaling by ERBB2	21	3	6	4	15	9	8	5	5	3	0	0	1	3	1	3	3	3	2	5	3	5	9	4	1	14	3	25	1	5	1	5	1	13	9	3	2	6	2	2	0	2	4	3	3	2	4	0	3	0	3	1	0	1	1	1	0	0	2	0	1	1	0	1	2	0	1	1	0	0	1	0	0	1	0	1	1	1	2	1	3	1	0	0	0	1	2	0	0	0	1	0	3	1	10	2	1	2	2	3
Metabolism of nitric oxide	0	0	0	0	3	2	2	1	0	0	0	0	0	0	0	0	0	1	1	0	0	0	1	0	0	0	0	2	0	0	0	0	0	0	3	0	0	0	0	0	0	0	0	0	0	0	0	0	0	2	0	0	0	0	0	0	0	0	0	0	0	0	0	0	0	0	0	0	0	0	0	0	0	0	0	0	0	0	0	0	1	0	0	0	0	0	0	0	0	0	0	0	0	0	0	0	0	0	0	0
Fibronectin matrix formation	0	0	0	0	0	0	0	0	0	0	0	0	0	0	0	0	0	0	0	0	0	0	0	0	0	0	0	0	0	0	0	0	0	0	0	0	0	0	0	0	0	0	0	0	0	0	0	0	0	0	0	0	0	0	0	0	0	0	0	0	0	0	0	0	0	0	0	0	0	0	0	0	0	0	0	0	0	0	0	0	0	0	0	0	0	0	0	0	0	0	0	0	0	0	0	0	0	0	0	0
Intrinsic Pathway	3	0	0	0	2	0	2	1	1	0	0	0	0	1	0	0	2	0	1	0	1	0	1	0	0	2	2	4	0	0	0	0	0	1	0	2	1	0	2	1	0	0	0	0	2	1	0	0	0	0	0	0	0	0	0	0	0	0	0	0	0	0	0	0	0	0	0	0	0	0	0	0	0	0	0	0	0	0	0	0	0	0	0	0	0	0	1	0	0	0	0	1	0	0	0	0	0	0	0	0
Regulatory RNA pathways	6	0	1	2	2	2	2	2	1	0	0	0	0	0	0	0	0	0	1	1	0	0	1	1	0	0	0	1	0	0	1	0	0	1	3	1	0	0	2	1	0	1	0	1	1	0	1	0	0	1	0	1	0	0	0	0	0	0	0	0	0	0	0	0	0	0	0	0	0	0	0	0	0	0	0	1	0	0	0	0	0	0	0	0	0	0	0	0	0	0	0	0	0	0	2	0	0	0	0	0
SLC-mediated transmembrane transport	38	4	2	4	18	14	8	9	9	0	0	1	2	1	1	1	3	4	5	1	0	2	8	3	1	19	0	30	0	5	7	2	2	15	15	5	3	5	4	1	1	3	5	7	5	0	3	0	5	2	1	1	1	0	1	1	1	0	0	1	1	0	0	0	1	0	2	0	0	0	0	0	1	0	0	0	0	1	3	2	0	0	0	2	0	1	1	1	0	1	1	2	1	0	10	2	2	1	0	0
mRNA Editing	0	1	1	1	1	2	2	1	1	0	0	1	0	0	1	0	1	1	0	0	1	0	0	1	2	1	0	1	1	0	1	1	0	2	1	1	1	0	0	1	0	2	0	1	1	0	0	0	0	1	0	0	0	0	0	2	0	0	0	0	0	0	0	0	0	0	0	0	0	0	0	0	0	0	0	0	0	0	0	0	0	0	0	0	0	0	0	0	0	0	0	0	0	0	0	0	0	0	0	0
Scavenging by Class F Receptors	0	0	0	0	1	0	0	1	0	0	0	0	0	0	0	0	0	0	0	0	0	0	0	0	0	0	0	0	1	0	0	0	0	0	0	0	0	0	0	0	0	0	0	0	0	0	0	0	0	0	0	0	0	0	0	0	0	0	0	0	0	0	0	0	0	0	0	0	0	0	0	0	0	0	0	0	0	0	0	0	0	0	0	0	0	0	0	0	0	0	0	0	0	0	0	0	0	0	0	0
Integrin alphaIIb beta3 signaling	4	1	3	1	1	1	1	0	1	0	0	0	0	1	0	0	1	2	0	0	0	0	1	0	0	1	0	3	0	0	1	0	0	4	2	0	4	1	0	1	0	0	0	1	0	1	0	0	0	0	1	0	0	0	0	0	0	0	0	0	0	0	0	0	1	1	0	0	0	0	0	0	0	0	0	0	0	0	0	0	1	0	0	0	0	0	1	0	0	0	0	1	0	0	2	0	0	0	0	0
Metabolism of amino acids and derivatives	37	4	1	4	17	16	9	5	6	4	0	1	0	0	2	1	2	4	3	2	1	0	8	0	1	10	2	15	0	5	2	4	0	15	14	4	4	2	5	1	0	2	0	6	3	1	3	0	2	2	1	1	1	0	1	0	1	0	1	1	1	0	0	0	3	0	0	0	2	0	0	0	0	0	1	0	0	0	1	1	0	0	0	0	1	1	0	0	0	0	0	3	0	0	10	0	1	0	0	0
Generic Transcription Pathway	75	10	62	10	39	28	17	7	7	6	1	2	1	3	1	1	1	2	12	0	4	2	16	3	4	14	7	29	4	6	4	4	4	18	23	9	6	2	13	3	1	3	8	10	5	4	3	4	3	12	0	0	0	2	4	1	2	1	1	0	0	0	1	1	3	2	0	2	1	0	1	0	3	1	0	0	1	2	2	2	1	2	0	0	0	6	1	0	0	1	0	1	0	1	14	1	2	1	0	0
Scavenging by Class H Receptors	1	0	1	1	0	0	2	0	0	0	0	0	0	0	1	0	0	1	0	1	0	0	0	0	0	2	0	2	0	1	0	0	0	1	1	0	0	0	0	1	0	0	0	0	1	0	0	0	0	0	0	0	0	0	0	0	0	0	0	0	0	0	0	0	0	0	0	0	0	0	0	0	0	0	0	0	0	0	0	0	0	0	0	0	0	0	0	0	0	0	0	0	0	0	1	0	0	0	0	0
Platelet homeostasis	8	1	2	2	11	9	5	1	0	0	0	0	0	2	0	0	0	0	2	1	2	0	2	0	3	6	4	7	1	1	0	3	0	4	4	3	3	1	5	1	0	2	4	2	3	0	0	1	0	1	0	0	0	0	0	0	0	0	1	1	0	0	1	1	0	0	0	0	0	0	1	0	0	0	0	0	0	0	0	0	0	0	0	0	0	0	0	0	1	0	0	1	0	0	3	0	0	2	0	0
Fertilization	4	1	0	0	5	3	1	0	0	1	0	1	0	0	2	0	0	0	0	1	1	0	2	1	0	1	0	3	0	1	1	0	0	1	3	4	0	0	0	0	0	2	0	0	2	0	0	0	0	0	0	0	0	0	0	0	0	0	0	0	0	0	0	0	1	0	0	0	0	0	0	0	0	0	0	0	0	0	0	0	0	0	0	0	0	1	0	0	0	0	0	0	0	0	1	0	0	0	0	0
Mitochondrial iron-sulfur cluster biogenesis	1	0	0	0	1	1	0	0	0	0	0	0	0	0	0	0	0	0	1	0	0	0	2	0	0	2	0	0	0	0	0	0	0	1	0	0	0	0	0	0	0	0	0	0	0	0	0	0	0	0	0	0	0	0	0	0	0	0	0	0	0	0	0	0	0	0	0	0	0	0	0	0	0	0	0	0	0	0	0	0	0	0	0	0	0	0	0	0	0	0	0	0	0	0	0	0	0	0	0	0
Abacavir transport and metabolism	1	0	0	0	0	0	0	0	0	0	0	0	0	0	0	0	0	0	1	1	0	0	0	0	1	1	0	0	0	0	0	0	0	0	1	0	0	0	0	0	0	0	0	0	0	0	0	0	0	0	0	0	0	1	0	0	0	0	0	0	0	0	0	0	0	0	0	0	0	0	0	0	0	0	0	0	0	0	0	0	0	0	0	0	0	0	0	0	0	0	0	0	0	0	1	0	0	0	0	0
PIP3 activates AKT signaling	16	2	2	2	11	6	5	3	5	2	0	0	1	2	0	3	3	2	2	2	3	4	9	4	1	9	2	16	1	2	1	3	1	9	4	3	2	5	1	2	0	1	3	2	3	2	2	0	2	0	2	1	0	0	1	1	0	0	1	0	1	1	0	1	2	0	1	1	0	0	1	0	0	1	0	0	1	1	2	1	3	1	0	0	0	1	2	0	0	0	1	0	2	1	10	2	1	2	2	3
Epigenetic regulation of gene expression	16	3	0	1	3	3	2	0	1	1	1	0	0	0	1	0	1	4	4	0	0	0	5	0	0	9	3	6	0	1	3	1	1	4	5	3	3	1	3	0	0	3	1	2	4	0	1	0	2	3	0	0	1	0	1	0	0	0	0	1	0	0	1	0	1	0	0	0	0	0	0	0	0	0	0	0	0	0	0	0	1	0	0	0	0	2	0	1	1	0	0	1	0	1	2	0	0	0	0	0
Double-Strand Break Repair	4	0	0	1	3	3	3	0	0	0	0	0	0	0	0	0	0	1	0	3	0	0	4	0	0	0	1	3	0	1	0	0	0	1	2	0	0	0	0	0	0	0	3	0	0	0	0	0	0	0	1	0	1	0	0	0	0	0	0	0	0	0	0	0	0	0	0	0	0	0	0	0	0	0	0	0	0	0	0	0	0	1	0	0	0	1	0	0	0	0	0	0	0	0	0	0	0	0	0	0
ER to Golgi Transport	2	0	0	0	1	1	0	0	0	0	0	0	0	0	0	0	0	0	0	0	0	0	0	0	0	0	0	0	0	0	0	0	0	2	0	0	0	0	0	0	0	1	0	0	0	0	0	0	1	0	0	0	0	0	0	0	0	0	0	0	0	0	0	0	0	0	0	0	0	0	0	0	0	0	0	0	0	0	0	0	0	0	0	0	0	0	0	0	0	0	0	0	0	0	0	0	0	0	0	0
Collagen formation	10	3	3	2	21	15	7	2	2	0	0	3	3	1	1	0	2	3	4	0	1	0	4	1	3	4	2	6	0	0	0	2	0	8	4	1	2	1	3	1	0	1	2	5	0	1	1	0	3	3	1	1	0	1	1	1	0	0	0	0	0	1	0	0	0	0	1	0	1	1	0	0	0	0	0	1	0	1	0	1	0	0	0	0	0	2	0	0	0	0	0	0	3	2	1	0	1	0	1	0
"RNA Polymerase I, RNA Polymerase III, and Mitochondrial Transcription"	17	2	1	2	8	11	4	2	1	1	1	0	0	1	1	0	0	7	4	0	0	0	7	0	0	7	2	14	1	1	3	0	1	4	6	5	1	1	2	1	0	4	1	3	5	0	1	0	1	2	0	1	1	0	1	0	0	0	0	2	0	1	1	0	1	0	0	0	0	0	0	0	0	0	0	0	0	0	0	0	2	0	0	2	0	2	1	0	1	0	0	1	0	1	4	0	0	0	0	0
Base Excision Repair	6	0	0	0	3	2	0	0	0	0	0	0	0	0	0	0	0	0	0	0	0	1	2	0	0	2	0	4	0	0	0	0	0	0	1	0	0	0	0	0	0	0	0	1	0	0	0	0	0	0	0	0	0	0	0	0	0	0	0	0	0	0	0	0	0	0	0	0	0	0	0	0	0	0	0	0	0	0	0	0	0	0	0	0	0	0	0	0	0	0	0	0	0	0	0	0	0	0	0	0
Abnormal metabolism in phenylketonuria	1	0	0	0	0	0	0	0	0	0	0	0	0	0	0	0	0	0	0	0	0	0	0	0	0	1	0	0	0	0	0	0	0	0	0	0	0	0	0	0	0	0	0	1	0	0	0	0	0	0	0	0	0	0	0	0	0	0	0	0	0	0	0	0	0	0	0	0	0	0	0	0	0	0	0	0	0	0	0	0	0	0	0	0	0	1	0	0	0	0	0	0	0	0	0	0	0	0	0	0
Regulation of beta-cell development	4	0	2	1	4	3	3	0	0	0	0	1	0	0	0	0	0	2	2	0	1	0	1	1	0	4	3	4	0	1	0	0	0	1	2	2	0	0	2	0	0	0	2	0	2	1	0	0	1	0	0	0	0	0	0	1	0	0	0	0	0	0	0	0	0	0	0	0	0	0	0	0	0	0	0	0	0	0	1	0	1	0	0	0	0	0	0	0	0	0	1	0	0	0	2	0	0	0	0	0
Regulation of Apoptosis	13	1	0	0	2	4	4	1	1	2	0	0	0	0	0	0	0	2	0	0	1	0	2	0	1	4	2	5	0	0	0	0	0	6	6	3	1	2	5	1	0	1	0	2	2	1	0	0	1	0	2	1	1	0	0	0	0	0	0	1	0	0	0	0	1	0	0	1	0	0	0	0	0	0	0	0	0	0	1	0	0	0	0	0	0	0	0	0	0	0	0	1	0	0	5	0	0	0	0	0
mRNA Capping	8	0	0	1	1	2	2	1	1	0	0	0	0	0	0	0	0	0	2	0	0	0	2	0	1	1	1	0	0	1	1	0	0	0	2	2	0	1	3	0	0	2	0	1	2	0	1	0	0	1	0	1	0	0	0	0	0	0	0	1	0	0	0	0	0	0	0	0	0	0	0	0	0	0	0	1	0	0	0	0	0	0	0	0	0	0	0	0	0	0	0	1	0	0	1	0	0	0	0	0
Post-translational protein modification	21	12	6	5	36	27	17	5	4	2	0	5	1	2	3	4	0	3	30	5	0	1	10	0	4	15	5	22	2	1	1	8	2	19	7	8	7	5	11	2	1	5	5	13	9	4	2	0	2	4	1	4	0	0	1	0	1	0	1	1	0	1	2	1	4	1	4	3	0	1	0	1	1	1	0	2	0	4	2	3	1	1	0	0	0	3	1	0	3	0	1	4	1	1	13	0	3	1	2	0
Abnormal conversion of 2-oxoglutarate to 2-hydroxyglutarate	0	0	0	0	0	0	0	0	0	0	0	0	0	0	0	0	0	0	0	0	0	0	0	0	0	0	0	0	0	0	0	0	0	0	0	0	0	0	0	0	0	0	0	0	0	0	0	1	0	0	0	0	0	0	0	0	0	0	0	0	0	0	0	0	0	0	0	0	0	0	0	0	0	0	0	0	0	0	0	0	0	0	1	0	0	0	0	0	0	0	0	0	0	0	1	0	0	0	0	0
Signaling by Hedgehog	16	0	0	0	3	4	2	2	1	2	0	1	0	0	0	0	0	2	0	0	2	0	1	0	1	5	2	5	0	0	0	0	0	7	8	4	0	2	4	1	0	1	0	2	3	1	0	0	0	0	0	0	1	0	0	0	0	0	0	1	0	0	0	0	2	0	0	0	0	0	0	0	0	0	0	0	0	0	1	0	0	0	0	0	0	0	0	0	0	0	0	1	0	0	5	0	0	0	0	0
Cytokine Signaling in Immune system	29	8	4	2	22	16	14	6	8	0	0	3	2	3	1	2	7	7	8	2	3	3	15	3	4	20	5	23	2	3	6	6	1	23	9	6	5	1	8	5	2	4	6	6	7	3	4	0	4	4	0	1	1	0	2	1	0	0	1	0	0	0	1	0	4	0	2	0	1	0	1	0	0	1	0	0	0	1	1	0	2	1	0	0	1	1	0	0	0	0	1	1	2	0	14	0	0	0	2	0
Scavenging by Class A Receptors	1	0	0	0	3	3	2	0	0	0	0	0	0	0	0	0	0	0	0	0	0	0	2	0	0	1	2	1	0	0	0	0	0	1	0	0	0	0	1	0	0	0	0	1	0	0	1	0	1	0	0	0	0	0	1	0	1	0	0	0	0	0	0	0	0	0	0	0	0	0	0	0	0	1	0	0	0	0	0	0	0	0	0	0	0	1	0	0	0	0	0	0	1	1	0	0	0	0	0	0
Translocation of GLUT4 to the plasma membrane	8	0	1	0	14	11	2	0	1	0	1	1	0	1	0	0	0	3	0	2	2	1	3	1	0	2	2	9	1	0	1	1	1	4	7	8	0	2	0	1	0	1	0	4	7	0	3	1	0	2	0	0	0	0	0	3	1	1	0	1	0	0	0	0	0	1	0	0	0	0	0	0	0	0	0	0	0	1	0	0	1	0	0	0	0	0	0	0	0	0	0	1	0	0	4	0	0	0	0	0
Mitochondrial protein import	11	1	3	1	1	1	2	0	1	0	0	0	0	0	0	0	0	3	0	0	0	0	4	0	0	4	0	4	0	0	0	0	0	2	4	0	2	0	1	0	1	0	3	1	0	0	0	0	0	0	0	0	0	0	1	0	0	0	0	0	0	0	0	0	1	0	0	0	0	0	0	0	0	0	0	0	0	0	0	0	0	0	0	0	0	0	0	0	0	0	0	0	0	0	1	0	0	0	0	0
Mucopolysaccharidoses	15	2	2	1	16	14	6	2	3	1	0	1	2	0	4	1	2	1	2	2	1	0	13	1	1	13	2	12	1	3	3	1	1	10	7	1	0	3	2	1	1	5	2	4	2	0	3	1	4	2	0	1	0	0	2	0	1	0	0	1	0	0	0	0	3	0	0	0	1	0	0	0	0	0	0	1	1	0	0	1	0	0	0	0	2	1	0	0	0	0	1	1	1	1	7	1	1	0	2	0
Fanconi Anemia pathway	2	1	0	1	3	2	1	1	0	0	0	0	0	0	1	0	0	1	0	3	0	0	4	0	0	4	2	3	1	1	1	0	0	0	0	1	0	0	2	0	0	0	3	1	1	0	0	0	0	0	1	0	0	0	1	0	0	0	0	0	0	0	0	0	1	0	0	0	0	0	0	0	0	0	0	0	0	0	0	0	0	1	0	0	0	1	0	0	0	0	0	0	0	0	0	0	0	0	0	1
"Cell Cycle, Mitotic"	72	6	5	5	41	36	15	7	5	2	0	1	3	3	5	3	4	13	8	6	4	6	22	4	9	27	12	41	2	4	9	4	3	26	23	16	7	4	10	2	2	8	4	12	17	4	5	2	4	4	1	1	3	0	2	2	0	1	0	1	0	0	1	0	5	0	1	0	0	1	1	0	1	1	0	2	2	1	1	1	0	0	0	1	1	3	1	1	0	0	1	1	1	0	19	2	2	0	0	0
Golgi to ER Retrograde Transport	1	0	0	0	0	0	0	0	0	0	0	0	0	0	1	0	0	0	0	0	0	0	0	1	0	1	1	3	0	1	0	0	0	0	1	0	0	0	1	1	0	0	0	0	0	0	0	0	0	0	0	0	0	0	0	0	0	1	0	0	0	0	0	0	0	1	0	0	0	0	0	0	0	0	0	0	0	0	0	0	0	0	0	0	0	0	0	0	0	0	0	0	0	0	0	0	0	0	0	0
Elastic fibre formation	6	0	0	0	7	6	1	0	0	2	0	0	0	1	0	1	1	0	1	1	0	0	1	0	1	3	0	6	0	0	1	2	0	2	2	0	0	0	0	0	0	0	1	0	0	0	0	0	0	2	0	0	1	0	0	0	0	0	1	0	0	0	0	0	0	0	0	0	0	0	1	0	0	0	0	0	0	1	0	0	1	0	0	0	0	0	0	1	0	0	1	1	0	0	5	0	0	0	0	0
Degradation of the extracellular matrix	6	2	2	0	12	10	2	3	1	0	0	1	1	2	1	0	0	4	1	2	2	0	7	1	0	8	4	8	0	1	0	3	0	9	3	1	3	2	2	1	0	1	1	3	2	0	1	0	1	2	0	0	0	1	0	2	1	0	0	1	0	0	0	1	3	1	1	1	0	0	0	0	0	0	0	0	0	1	0	0	1	0	0	0	0	0	2	0	1	0	0	0	0	0	3	1	0	0	1	0
Inositol phosphate metabolism	7	3	1	1	6	5	1	0	0	1	0	0	1	1	0	2	2	0	0	1	1	1	4	0	0	0	3	6	0	3	3	4	0	1	4	0	1	2	0	1	0	0	3	1	1	0	2	0	5	1	0	0	0	0	1	0	0	0	0	0	1	0	0	1	2	0	1	1	0	0	0	0	0	0	0	0	0	0	0	0	0	0	0	0	0	0	1	0	0	0	0	0	0	0	3	0	0	0	0	0
Dissolution of Fibrin Clot	1	2	0	0	0	0	1	1	0	0	0	0	0	0	0	0	0	1	0	0	1	0	1	0	1	2	0	2	0	0	0	0	0	2	1	0	0	0	2	0	0	0	0	2	0	0	0	0	1	0	0	0	0	0	0	0	0	0	0	0	0	0	0	0	0	0	0	0	0	0	0	0	0	0	0	0	0	0	0	0	0	0	0	0	0	0	0	0	0	0	0	0	0	0	0	0	0	0	0	0
DNA Damage Bypass	0	0	0	0	2	2	0	0	0	0	0	0	0	0	0	0	0	0	0	0	0	0	0	0	0	0	0	0	0	0	0	0	0	0	0	0	0	0	0	0	0	0	0	0	0	0	0	0	0	0	0	0	0	0	0	0	0	0	0	0	0	0	0	0	0	0	0	0	0	0	0	0	0	0	0	0	0	0	0	0	0	0	0	0	0	0	0	0	0	0	0	0	0	0	1	0	0	0	0	0
Transcriptional regulation of white adipocyte differentiation	10	3	2	3	8	9	5	1	3	3	1	0	0	1	0	0	0	0	4	1	0	0	6	0	1	5	3	7	0	1	2	0	0	4	2	7	0	2	6	2	1	1	4	4	7	1	1	0	2	1	0	0	0	0	0	0	0	0	0	1	0	0	0	0	0	0	0	0	0	1	1	0	1	0	0	0	0	1	0	2	0	0	0	0	0	0	0	0	0	0	0	1	1	0	2	1	2	1	0	0
Cell Cycle Checkpoints	30	2	1	2	11	11	5	2	2	3	0	0	0	1	2	0	2	3	0	2	2	4	4	1	3	9	5	16	2	2	1	1	1	11	8	4	2	2	7	1	0	1	1	2	3	2	2	1	2	3	2	1	1	0	0	1	0	0	0	1	0	0	1	0	3	0	0	0	0	0	0	0	0	1	0	0	0	0	1	0	0	0	0	0	2	1	0	0	0	0	1	1	0	0	5	1	0	0	0	0
Ion channel transport	16	6	3	2	18	19	7	2	6	0	0	0	3	0	1	0	1	1	6	6	2	2	8	2	6	18	4	15	2	3	6	4	2	13	5	9	12	4	6	0	0	2	7	9	10	3	1	3	1	5	1	3	1	0	3	2	0	1	0	1	0	1	0	0	0	0	0	0	0	0	2	0	0	0	0	2	1	1	0	1	1	0	0	0	0	2	0	1	1	0	1	2	2	1	11	1	1	0	0	0
Cellular response to hypoxia	4	0	3	1	0	0	0	1	0	0	0	0	0	0	0	0	0	1	1	0	1	0	1	0	0	4	2	2	0	1	0	0	0	1	1	1	0	0	1	0	0	0	1	0	0	0	0	0	1	0	0	0	0	0	0	0	0	0	0	0	0	0	0	0	0	0	0	0	0	1	0	0	0	0	0	0	0	0	0	0	0	0	0	0	1	0	0	0	0	0	0	0	1	0	2	0	0	0	0	0
Biological oxidations	25	2	4	6	14	11	6	8	2	1	0	1	2	0	1	0	3	0	3	0	4	2	7	0	0	6	4	12	1	1	10	0	1	7	7	2	2	2	1	4	1	2	1	3	4	0	2	0	1	2	2	0	1	0	2	1	0	0	1	0	0	1	0	0	1	0	0	1	2	0	1	0	0	0	0	1	2	1	0	0	0	2	1	2	1	1	2	2	2	0	3	1	2	3	10	0	2	2	1	0
Gap junction trafficking and regulation	8	0	0	0	3	1	0	1	2	0	0	0	0	0	0	1	0	2	0	0	0	0	0	0	0	0	0	4	0	0	0	1	0	2	0	3	0	0	1	0	0	0	0	0	4	1	1	0	0	1	0	0	0	0	0	0	0	0	0	0	0	0	0	0	0	0	0	0	0	0	0	0	0	0	0	0	0	0	0	0	0	0	0	0	0	0	0	0	0	0	0	0	0	0	1	0	0	0	0	1
Metabolism of lipids and lipoproteins	70	14	12	12	58	43	20	10	17	4	1	7	3	6	6	2	6	10	9	3	7	5	31	6	7	42	13	38	4	8	12	11	1	35	22	21	11	7	18	9	1	7	14	28	22	3	9	1	10	5	0	2	0	2	3	1	1	1	0	1	1	1	1	1	5	0	1	3	2	3	0	1	1	0	0	0	0	2	1	4	0	0	1	3	1	4	1	2	3	1	0	3	4	0	33	2	5	2	1	1
Metabolism of carbohydrates	39	7	4	1	29	24	8	4	5	3	0	2	3	2	4	2	2	4	4	3	1	3	16	2	2	20	3	25	1	4	7	3	2	15	8	6	2	3	6	1	2	6	6	12	7	0	4	1	6	4	0	2	0	0	3	0	1	0	0	1	0	0	1	0	4	1	1	0	1	0	0	0	1	0	0	1	1	0	1	1	1	0	0	1	2	1	0	2	0	0	1	2	1	1	16	3	1	0	3	0
ECM proteoglycans	6	2	1	1	13	13	2	2	1	0	0	1	1	0	2	0	1	2	0	3	0	1	1	0	1	5	2	6	0	0	1	1	1	2	4	0	1	0	2	2	0	1	1	1	2	1	0	0	0	0	0	0	0	0	0	0	1	0	0	1	0	1	0	0	0	0	0	0	0	0	0	0	0	0	0	0	0	0	0	0	0	0	0	1	1	0	0	1	1	0	1	1	1	0	4	0	1	0	0	0
Transcriptional regulation of pluripotent stem cells	5	0	2	2	1	1	1	1	0	0	0	0	0	0	0	0	1	0	0	0	0	0	0	2	1	1	2	0	0	0	1	1	0	1	0	3	0	1	1	0	0	1	0	1	3	0	0	0	0	1	0	0	0	1	0	0	0	0	0	1	0	0	0	0	0	0	0	0	1	0	1	0	0	0	0	0	0	1	0	0	0	1	0	0	0	0	0	0	0	0	0	1	0	0	3	0	0	0	0	0
Integrin cell surface interactions	6	2	0	0	15	12	1	1	0	2	0	0	0	0	0	0	1	1	1	1	0	1	1	0	0	8	2	6	0	0	1	2	1	7	3	4	4	2	2	0	0	1	0	0	2	1	0	0	1	0	1	0	0	1	0	0	0	0	0	0	0	1	0	0	1	1	0	0	0	0	0	0	0	0	0	0	0	0	0	0	0	0	0	0	0	1	0	1	0	0	1	2	1	1	2	1	0	0	1	1
Uptake and actions of bacterial toxins	3	0	0	0	0	0	1	0	0	0	0	0	0	0	0	0	0	1	0	0	0	1	0	0	0	2	0	2	0	0	0	0	0	2	0	1	0	0	0	0	0	0	0	0	1	0	0	0	1	1	0	1	0	0	0	0	0	0	0	0	0	0	0	0	0	0	0	0	0	0	0	0	0	1	0	0	0	2	0	1	0	0	0	0	0	0	0	0	0	0	0	0	0	0	0	0	0	0	0	0
Processing-defective Hh variants abrogate ligand secretion	16	0	0	0	3	4	2	2	1	2	0	1	0	0	0	0	0	2	0	0	2	0	1	0	1	5	2	5	0	0	0	0	0	7	8	4	0	2	4	1	0	1	0	2	3	1	0	0	0	0	0	0	1	0	0	0	0	0	0	1	0	0	0	0	2	0	0	0	0	0	0	0	0	0	0	0	0	0	1	0	0	0	0	0	0	0	0	0	0	0	0	1	0	0	5	0	0	0	0	0
Smooth Muscle Contraction	0	0	1	0	1	2	0	0	1	0	0	0	0	0	0	0	1	1	1	0	1	0	3	0	0	1	1	2	0	0	1	0	0	2	0	1	0	0	0	0	0	0	1	1	0	0	0	0	2	0	0	0	0	0	0	0	0	0	0	0	0	0	0	1	0	0	0	0	0	0	0	0	0	1	0	0	0	0	0	0	0	0	0	0	0	0	1	0	0	0	0	1	0	0	1	0	0	0	0	0
Potassium Channels	12	2	6	6	10	10	6	1	1	0	0	1	2	1	0	0	0	2	3	0	0	0	2	2	0	4	1	5	1	1	3	0	0	6	11	2	0	3	3	1	0	1	3	5	3	1	1	1	0	3	0	2	0	0	0	0	1	0	1	1	0	1	1	0	3	0	0	0	0	0	0	0	0	0	0	1	0	0	0	0	1	0	1	0	2	1	0	0	0	0	0	4	0	0	5	0	0	0	0	0
Non-integrin membrane-ECM interactions	4	3	0	0	13	9	0	4	1	0	0	2	0	0	1	0	1	0	2	0	0	0	2	1	0	4	1	4	0	0	0	2	0	3	4	1	0	1	1	1	0	3	0	2	1	0	0	0	0	0	0	0	0	0	0	1	0	0	0	2	0	0	0	0	1	0	0	1	0	0	0	0	0	0	0	0	0	0	0	0	0	0	0	1	0	0	1	1	0	0	1	2	0	0	4	1	1	0	0	0
Cell surface interactions at the vascular wall	15	0	2	0	7	6	2	2	1	3	0	0	0	1	1	0	3	1	0	4	1	1	8	2	1	7	0	11	1	1	1	0	3	5	6	3	2	2	1	1	0	1	3	0	1	1	3	0	2	0	0	1	1	0	0	0	0	0	0	0	0	0	1	1	4	0	0	0	0	0	0	0	0	0	0	0	0	0	0	0	0	0	0	0	0	1	0	0	0	0	2	0	0	0	2	1	0	0	0	0
HATs acetylate histones	12	5	1	1	9	7	1	1	2	0	0	0	0	0	3	0	1	8	4	0	1	1	5	0	0	6	2	12	1	1	1	2	0	4	7	3	1	1	3	0	1	0	2	4	4	1	0	0	1	0	0	1	0	0	0	0	0	0	0	1	0	0	1	0	1	1	0	1	0	2	0	0	0	0	0	1	0	0	0	0	1	0	0	0	0	2	0	3	0	0	0	1	1	0	4	0	0	0	0	0
Signaling by FGFR	19	3	7	4	15	9	7	4	5	2	0	0	1	3	1	3	3	3	2	5	3	6	11	5	2	13	3	24	2	5	1	4	1	13	10	3	2	6	3	3	0	2	4	4	3	2	5	0	4	0	2	1	1	1	1	1	0	0	2	0	1	1	0	1	2	0	1	1	0	0	1	0	0	1	0	0	1	1	2	1	3	1	0	0	0	1	2	0	0	0	1	0	3	1	10	2	1	2	2	3
Cellular response to heat stress	9	1	3	4	5	5	3	3	0	0	0	0	0	1	1	0	0	1	1	0	1	1	3	0	0	2	0	7	1	1	1	0	0	4	7	0	0	0	0	0	0	1	0	1	0	0	0	0	2	0	1	0	1	0	0	0	0	0	0	0	0	0	0	0	1	1	0	0	0	1	0	0	0	1	0	0	0	1	0	1	0	0	0	0	0	0	1	0	0	0	0	0	1	0	3	0	0	0	0	0
Signaling by Hippo	1	0	0	0	2	2	0	1	0	0	0	0	0	0	1	0	1	0	0	0	0	0	1	0	0	0	0	0	0	3	0	1	0	1	1	2	0	0	0	0	0	0	0	0	2	1	0	0	0	0	0	0	0	0	0	0	0	0	0	0	0	0	0	0	0	0	0	1	0	0	0	0	0	0	0	0	0	1	0	0	0	0	0	1	0	0	0	0	0	0	0	1	1	0	0	0	0	0	0	0
Signaling by Insulin receptor	20	5	2	1	11	7	3	5	1	0	1	0	0	1	0	1	2	3	1	4	3	4	10	1	1	13	4	13	0	1	2	4	0	13	5	2	3	5	3	4	1	1	3	3	2	3	3	0	2	3	0	1	0	0	0	0	0	0	0	1	0	0	0	0	1	0	0	0	0	0	1	0	0	0	0	0	0	0	1	0	0	0	0	1	0	2	1	0	0	0	0	1	2	1	8	1	0	0	1	0
Signaling by VEGF	12	3	1	2	15	10	5	3	2	0	0	1	0	2	0	1	4	4	0	2	2	2	4	1	1	6	2	15	1	4	0	1	0	12	10	4	2	2	5	1	0	2	4	2	4	0	2	1	4	3	0	1	1	1	0	0	1	3	0	0	0	0	0	1	4	0	0	0	0	0	0	0	0	0	0	0	0	0	0	1	3	0	0	0	2	2	0	0	0	0	2	2	1	0	5	1	0	1	0	0
Signaling by GPCR	132	15	15	16	70	47	26	12	10	3	3	8	6	3	7	2	32	10	18	7	8	38	33	3	39	34	9	133	6	14	7	17	5	39	40	18	20	11	60	11	3	9	13	37	22	3	9	32	8	25	1	2	2	6	4	2	2	0	3	1	0	3	2	6	5	3	1	4	1	1	4	0	2	4	1	2	0	2	4	5	3	4	1	3	3	14	8	6	3	1	2	5	4	2	35	2	5	5	4	2
O2/CO2 exchange in erythrocytes	2	0	0	0	0	0	0	0	0	0	0	0	0	0	0	0	0	0	0	3	0	0	2	0	0	1	0	3	0	0	0	0	0	1	0	0	0	0	0	0	0	0	2	0	0	0	0	0	0	0	0	0	0	0	0	0	0	0	0	0	0	0	0	0	0	0	1	0	0	0	0	0	0	0	0	0	0	0	0	0	0	0	0	0	0	0	1	0	0	0	0	0	0	0	0	0	0	0	0	0
Myogenesis	3	0	0	0	5	3	0	0	1	0	0	0	0	0	0	0	1	1	4	0	0	1	1	0	0	1	2	2	2	1	0	1	0	3	1	3	0	0	3	0	0	0	1	1	2	0	0	0	0	0	0	0	0	1	1	0	1	0	0	0	0	0	1	0	2	0	0	0	0	0	1	0	0	1	0	0	0	0	1	0	0	0	0	1	0	3	0	0	1	0	0	0	1	0	1	1	0	0	1	0
DSCAM interactions	0	0	0	0	1	1	1	0	1	0	0	0	0	0	1	0	0	0	0	0	0	1	0	0	0	1	0	2	0	1	0	0	0	1	0	2	0	1	0	0	0	0	0	1	2	0	0	1	0	2	1	0	0	0	0	0	0	0	0	0	0	0	0	0	1	0	0	0	0	0	0	0	0	0	0	0	0	0	0	0	0	0	0	0	0	0	1	0	0	0	0	0	0	0	0	0	0	0	0	0
Mismatch Repair	4	0	0	0	2	2	0	0	0	0	0	0	0	0	0	0	0	0	0	0	0	2	2	0	0	3	0	4	0	0	0	0	0	1	0	0	1	1	0	0	0	0	0	0	0	0	0	1	0	1	0	0	0	0	0	0	0	0	0	0	0	0	0	0	0	0	0	0	0	0	0	0	0	0	0	0	0	0	0	0	0	0	0	0	0	0	0	0	0	0	0	0	0	0	1	0	0	0	0	0
Influenza Infection	22	1	3	4	6	5	5	2	0	1	0	0	1	0	0	1	0	2	1	0	0	1	7	0	0	6	2	10	1	1	3	2	1	9	5	6	5	1	6	0	2	2	2	3	6	0	2	1	1	2	0	2	0	0	1	0	0	0	0	1	0	0	0	0	1	0	1	0	0	1	0	0	0	0	0	1	0	0	0	0	0	0	0	0	0	0	1	0	0	0	0	1	0	0	7	0	0	0	0	0
Platelet Adhesion to exposed collagen	2	0	0	0	1	1	1	1	2	0	0	0	0	1	0	0	1	1	0	0	0	0	0	0	0	0	0	3	0	0	0	0	0	0	0	2	0	0	2	1	0	0	0	0	1	0	0	0	0	0	0	0	0	0	0	0	0	0	0	0	0	0	0	0	0	0	0	0	0	0	0	0	0	0	0	0	0	0	0	0	0	0	0	0	0	0	1	0	0	0	0	1	0	0	0	0	0	0	0	0
RAF/MAP kinase cascade	0	1	0	1	1	1	0	1	0	0	0	0	0	0	0	0	0	0	0	0	0	0	0	0	0	0	0	0	0	1	0	0	0	1	2	0	0	0	0	0	0	0	0	0	0	0	1	0	1	0	0	0	0	0	0	0	0	0	0	0	0	0	0	0	0	0	0	0	0	0	0	0	0	0	0	0	0	0	0	0	0	0	0	0	0	0	0	0	0	0	0	0	1	0	0	0	0	0	0	0
Metabolism of non-coding RNA	10	0	0	0	4	4	2	2	0	0	0	0	1	1	0	1	0	1	1	0	2	1	0	0	1	2	0	4	0	1	2	1	1	3	1	2	1	0	3	2	1	0	1	1	2	0	1	0	1	1	0	0	0	0	1	0	0	0	0	0	0	0	0	0	0	0	1	0	0	0	0	0	0	0	0	0	0	0	0	0	0	1	0	0	0	0	0	0	0	0	0	0	0	0	5	0	0	0	0	0
Iron uptake and transport	6	3	1	1	4	1	2	2	2	0	0	1	0	0	0	0	0	0	0	3	0	1	4	0	0	2	1	1	0	0	2	2	0	3	4	1	1	0	1	1	1	1	1	2	1	0	2	0	0	1	0	1	0	0	0	0	1	0	0	0	0	0	0	0	0	1	0	0	0	0	0	0	0	0	0	1	0	0	0	0	0	0	0	0	0	1	1	0	0	0	0	0	0	0	3	0	0	0	0	0
Glycogen storage diseases	39	7	4	1	29	24	8	4	5	3	0	2	3	2	4	2	2	4	4	3	1	3	16	2	2	20	3	25	1	4	7	3	2	15	8	6	2	3	6	1	2	6	6	12	7	0	4	1	6	4	0	2	0	0	3	0	1	0	0	1	0	0	1	0	4	1	1	0	1	0	0	0	1	0	0	1	1	0	1	1	1	0	0	1	2	1	0	2	0	0	1	2	1	1	16	3	1	0	3	0
Cell junction organization	15	1	3	1	13	10	6	2	1	0	0	3	0	0	3	1	3	1	2	0	0	1	6	1	0	5	1	6	1	1	3	0	1	2	5	4	2	1	7	1	1	1	2	0	3	0	2	0	1	4	0	0	0	1	2	1	1	0	0	0	0	1	0	0	2	0	0	0	0	1	0	0	0	0	0	0	0	0	3	0	0	0	0	1	0	3	1	0	0	0	0	1	2	0	6	0	1	0	0	1
HIV Infection	37	1	3	3	14	15	10	4	5	2	0	0	1	0	0	1	1	3	4	2	1	2	12	1	2	13	7	18	0	3	3	4	1	13	10	9	3	5	13	0	1	2	3	4	7	2	3	1	1	5	1	2	1	0	1	0	0	0	0	1	0	0	0	2	2	1	1	0	0	0	1	1	0	0	0	1	0	1	1	0	0	0	0	0	0	0	0	1	1	0	1	1	1	0	17	0	0	0	1	1
Factors involved in megakaryocyte development and platelet production	17	4	1	1	11	10	5	3	3	2	0	0	0	1	1	0	1	2	1	1	1	2	3	1	2	3	5	15	0	2	2	1	0	12	8	1	2	2	5	2	0	2	2	2	1	3	1	2	1	4	0	2	1	0	1	0	0	0	0	2	0	0	1	0	2	1	1	0	1	1	0	1	0	1	0	0	0	4	0	0	2	1	0	1	2	1	2	0	0	0	0	1	3	0	3	0	0	0	0	0
DNA Damage Reversal	0	0	0	0	0	0	0	1	0	0	0	0	0	0	0	0	0	0	0	1	0	0	0	0	0	1	0	0	0	0	0	0	0	0	0	0	0	0	0	0	0	0	0	0	0	0	0	0	0	0	0	0	0	0	0	0	0	0	0	0	0	0	0	0	0	0	0	0	0	0	0	0	0	0	0	0	0	0	0	0	0	0	0	0	0	0	0	0	0	0	0	0	0	0	0	0	0	0	0	0
Signaling by Activin	3	0	1	1	1	1	2	1	0	0	0	0	0	0	0	0	0	0	0	0	0	0	0	0	0	0	0	2	0	0	0	1	0	0	1	0	0	0	0	1	0	0	0	1	0	0	0	0	0	0	0	0	0	1	0	0	0	0	0	0	0	0	0	0	0	0	0	0	1	0	0	0	0	0	0	0	0	1	0	0	0	1	0	0	0	0	0	0	0	0	0	0	0	0	0	0	0	0	0	0
Chromosome Maintenance	18	3	1	2	1	1	3	1	0	0	0	0	0	0	1	0	0	4	4	0	0	1	6	0	1	8	1	13	1	0	2	0	0	3	3	2	3	2	2	0	0	1	1	3	2	0	0	0	1	1	0	1	0	0	0	0	0	0	0	1	0	0	1	0	2	0	0	0	0	0	0	0	0	0	0	0	0	0	0	0	0	0	0	0	0	1	0	0	0	0	0	1	0	0	1	0	1	0	0	0
Processing of Capped Intron-Containing Pre-mRNA	36	2	1	2	14	11	5	4	3	0	0	1	1	0	0	1	0	3	4	1	1	2	6	0	1	11	1	13	0	3	3	2	1	8	6	4	4	0	7	1	1	2	1	4	4	1	2	2	3	2	0	1	0	0	1	0	0	1	0	0	0	1	0	0	1	0	1	0	0	0	2	1	0	1	0	2	0	0	0	0	0	0	0	1	0	2	0	0	1	0	0	1	1	0	10	0	1	0	0	0
Cellular Senescence	21	4	2	3	14	12	4	3	3	1	0	0	0	1	3	2	2	5	3	2	2	3	5	1	2	10	6	12	2	6	3	3	1	10	5	6	4	2	4	2	1	1	6	3	6	1	2	1	1	4	2	3	0	1	2	2	0	1	0	1	0	0	2	0	3	0	0	0	0	0	0	0	0	2	0	0	0	0	2	1	0	0	0	0	2	2	1	0	0	0	0	1	1	0	6	1	0	0	0	0
Transmission across Electrical Synapses	2	0	0	0	1	1	0	0	1	0	1	0	0	0	0	0	0	0	0	0	0	0	0	0	0	0	0	0	0	1	0	0	0	0	0	1	0	0	0	0	0	0	0	0	1	0	0	0	0	0	0	0	0	0	0	0	0	0	0	0	0	0	0	0	0	0	0	0	0	0	0	0	0	0	0	0	0	0	0	0	0	0	0	0	0	0	0	0	0	0	0	0	0	0	0	0	0	0	0	0
Translation	18	5	5	6	8	5	7	2	2	1	0	1	0	1	1	0	0	2	2	1	0	0	9	0	0	6	2	13	1	0	3	2	0	8	8	4	6	0	6	0	1	0	1	4	3	1	2	1	0	1	0	1	0	0	1	0	0	0	0	0	0	0	0	0	2	0	0	0	0	0	1	0	0	0	0	0	0	1	0	0	0	0	0	1	0	0	1	0	0	0	0	0	0	0	4	0	0	0	0	0
Metabolism of nucleotides	10	1	0	0	6	4	1	3	3	0	0	0	0	0	0	0	1	0	1	0	1	0	7	0	1	3	0	5	1	1	5	1	0	6	4	3	0	0	0	1	0	0	1	1	3	0	1	0	2	0	0	0	0	0	0	0	0	0	0	0	0	0	0	0	2	0	0	1	1	0	0	0	0	0	0	0	0	0	0	1	1	0	0	0	0	0	0	0	0	0	0	0	0	0	4	0	0	0	0	0
Signaling by NOTCH	13	3	3	3	13	9	7	2	3	1	0	0	0	0	0	1	1	1	2	1	4	2	3	1	1	8	5	11	2	3	0	5	1	6	7	7	4	2	2	2	0	3	5	7	8	0	2	0	1	2	0	1	0	1	3	2	0	0	0	1	1	0	1	0	1	1	0	0	0	1	1	0	0	0	0	0	1	2	0	1	2	0	1	0	2	0	1	0	0	0	1	1	1	0	1	0	0	0	1	0
Nephrin interactions	2	1	0	0	4	2	2	0	1	0	0	0	0	1	0	0	3	1	0	0	0	1	0	1	1	5	0	4	1	0	0	0	0	0	5	0	1	0	1	1	0	0	2	2	0	0	1	0	1	0	0	0	0	0	0	0	0	0	0	0	0	0	0	0	0	0	0	0	0	0	1	0	0	1	0	0	0	0	0	0	0	0	0	0	0	1	0	0	0	0	0	0	1	0	1	0	0	0	0	0
"Platelet activation, signaling and aggregation"	21	9	4	2	20	13	11	4	5	2	0	1	0	3	1	1	3	2	8	2	4	3	7	1	2	7	5	25	2	1	4	4	1	17	14	5	10	5	8	4	1	4	4	11	6	2	4	3	4	2	1	0	1	1	0	1	0	0	0	1	0	0	1	2	5	1	0	0	0	0	1	0	1	0	0	0	0	0	0	1	2	0	0	2	2	3	2	0	0	0	1	2	2	0	11	0	1	1	2	1
Regulation of DNA replication	17	0	0	0	8	9	3	1	2	2	0	0	0	0	0	0	0	2	0	0	2	1	2	0	1	4	2	5	0	0	0	1	0	4	7	4	1	2	4	0	0	1	0	1	3	1	0	0	0	0	1	0	1	0	0	2	0	0	0	1	0	0	0	0	2	0	0	0	0	0	0	0	0	1	0	0	0	0	1	0	0	0	0	0	0	0	0	0	0	0	1	1	0	0	5	1	0	0	0	0
ABC-family proteins mediated transport	7	1	0	0	2	3	2	1	0	0	0	0	0	0	0	0	0	0	1	6	1	0	5	2	1	1	1	4	0	0	2	0	0	9	3	0	1	1	2	0	1	1	3	0	1	0	1	0	0	3	0	0	0	1	0	1	0	0	0	1	0	0	1	0	1	0	0	0	1	0	0	0	0	0	0	1	0	0	0	0	0	0	0	1	0	0	0	0	1	0	0	2	1	0	2	0	1	0	0	0
Metabolism of vitamins and cofactors	14	5	2	3	11	11	2	2	2	0	0	0	0	1	0	0	1	1	2	0	2	2	12	1	0	8	0	8	0	0	2	2	0	7	4	3	2	1	1	2	0	1	1	3	3	0	1	0	4	2	0	1	0	0	0	1	0	0	0	0	0	0	0	0	2	0	0	0	0	0	0	0	1	1	0	0	0	0	0	0	0	0	0	0	0	1	1	0	1	0	0	0	0	0	7	1	0	0	1	1
Signaling by FGFR in disease	22	4	7	4	17	9	8	5	5	2	0	0	1	3	1	3	3	3	2	5	3	6	11	5	2	13	3	24	2	5	1	4	1	13	13	4	2	6	3	3	0	2	5	5	5	3	5	0	4	0	2	1	1	1	1	1	0	0	2	0	1	2	1	1	2	0	1	1	0	1	2	0	0	1	0	0	1	1	2	1	3	1	0	0	0	1	2	0	0	0	1	0	3	1	13	2	1	2	2	3
Striated Muscle Contraction	2	3	1	0	6	3	1	2	0	2	0	0	0	0	1	1	0	2	8	1	0	1	0	1	0	3	1	3	2	0	1	1	0	2	2	2	0	1	1	1	0	3	0	2	2	1	0	0	0	0	0	0	0	0	0	3	0	0	0	1	0	0	0	1	0	0	0	0	0	0	0	0	1	0	0	0	0	0	0	0	0	0	0	1	0	1	0	0	0	0	0	1	0	0	5	0	0	0	0	0
Processing of Capped Intronless Pre-mRNA	6	0	1	1	3	2	2	1	0	0	0	0	0	0	0	0	0	0	1	1	1	0	0	0	1	3	0	4	0	1	0	0	0	1	2	0	0	0	1	1	0	1	0	1	0	1	0	0	0	0	0	0	0	0	0	0	0	0	0	0	0	0	0	0	0	0	0	0	0	0	0	0	0	0	0	0	0	0	0	0	0	0	0	1	0	0	0	0	0	0	0	0	0	0	0	0	0	0	0	0
trans-Golgi Network Vesicle Budding	13	2	1	2	2	5	4	2	4	0	0	0	0	0	1	0	1	1	0	0	2	0	4	0	1	4	1	5	0	0	3	1	0	4	3	2	3	1	2	1	0	0	1	1	2	0	0	0	0	1	0	0	0	0	0	1	0	1	0	0	0	0	0	0	1	0	1	0	0	0	0	0	0	0	0	0	0	0	0	0	0	0	0	0	0	0	0	1	0	0	0	0	1	0	2	0	0	0	0	0
Mitochondrial biogenesis	8	1	2	1	4	4	2	1	0	2	1	0	0	0	1	0	0	3	2	0	0	0	2	1	1	2	1	8	0	1	2	0	0	2	1	3	1	2	2	1	0	1	2	5	3	0	0	0	1	3	0	1	0	0	0	0	0	0	0	1	0	0	0	0	0	0	0	0	0	0	0	0	0	0	0	0	0	1	0	1	1	0	0	0	0	0	0	0	0	0	1	1	0	0	0	1	1	1	1	0
Signaling by EGFR in Cancer	21	4	6	4	15	8	8	5	5	2	0	0	1	3	1	3	3	3	2	5	3	6	12	5	2	16	5	24	2	5	1	7	2	15	10	3	2	6	4	3	0	2	5	4	3	2	5	1	5	0	2	1	0	1	1	1	0	0	2	0	1	1	0	1	2	0	1	1	0	0	1	0	0	1	0	0	1	1	2	1	3	1	0	0	0	1	2	0	0	0	1	0	3	1	11	2	1	2	2	4
Signaling by TGF-beta Receptor Complex in Cancer	7	2	1	1	5	2	4	0	1	0	0	1	0	0	0	1	0	2	1	0	0	1	1	0	0	10	2	6	2	0	0	1	1	3	4	2	1	1	1	1	0	0	2	2	1	0	1	0	1	1	0	0	0	1	1	0	0	0	0	0	0	0	0	1	0	0	0	0	1	0	1	0	0	0	0	0	0	2	1	1	0	1	0	0	0	0	0	0	0	0	0	0	0	1	2	0	0	0	0	0
Reversible hydration of carbon dioxide	1	1	0	0	1	1	0	0	0	0	0	0	0	0	0	0	0	1	1	6	0	0	5	0	0	2	0	2	0	0	0	0	0	2	0	0	0	0	0	0	0	0	4	1	0	0	0	0	0	0	0	0	0	0	0	0	0	0	0	0	0	0	0	0	1	0	0	0	0	0	0	0	0	0	0	0	0	0	0	0	0	0	0	0	0	0	0	0	0	0	0	0	0	0	0	0	0	0	0	0
Amyloids	5	1	0	0	2	1	3	0	1	0	0	1	0	0	1	0	0	4	4	0	1	0	1	0	0	3	1	5	2	1	0	2	0	0	0	1	2	1	0	0	0	0	1	0	2	0	1	0	0	0	1	0	0	0	0	0	0	0	0	0	0	0	0	0	0	0	0	0	0	0	0	0	0	0	0	0	0	0	0	0	0	0	0	0	0	2	0	0	0	0	0	0	0	0	2	1	0	0	0	0
Axon guidance	39	12	8	9	49	36	19	13	9	2	0	3	1	4	4	1	8	11	5	6	3	2	13	2	1	20	6	34	1	4	7	7	2	26	26	6	7	5	9	6	0	8	4	12	5	5	2	2	7	8	2	5	2	3	2	1	1	2	0	1	0	2	1	2	6	3	1	2	2	0	1	0	1	2	1	1	0	0	1	2	1	2	0	2	4	4	5	1	2	1	3	6	7	4	20	0	3	2	3	4
tRNA Aminoacylation	10	0	0	0	3	4	1	0	3	0	0	0	0	0	1	0	0	1	0	1	0	1	1	0	0	2	1	6	1	0	2	0	0	5	1	1	0	1	0	0	0	0	1	0	1	0	0	1	1	1	0	1	0	0	1	0	0	0	0	0	0	0	0	0	1	0	0	0	1	0	0	0	0	1	0	1	0	1	0	0	0	0	0	0	0	0	1	0	0	0	0	0	0	0	3	0	0	0	0	0
Signaling by Rho GTPases	16	7	3	7	20	14	7	4	9	0	0	1	0	0	2	2	1	4	5	3	0	1	6	1	1	7	3	12	3	3	1	1	0	7	8	0	3	2	1	2	0	2	2	2	0	2	0	0	2	1	0	0	1	1	0	0	0	0	1	1	0	1	0	1	1	0	1	1	0	0	0	0	0	0	0	0	0	0	1	0	1	1	0	0	1	0	0	1	1	0	0	2	2	0	6	0	1	0	1	0
HDMs demethylate histones	4	4	0	1	3	3	1	0	0	0	0	0	1	0	0	0	0	1	2	0	0	1	1	0	1	2	1	2	0	1	0	0	1	1	4	1	2	0	0	0	1	1	0	1	1	0	1	0	1	0	0	1	0	0	0	0	0	0	0	0	0	0	0	0	0	1	0	0	0	0	0	0	0	0	0	0	0	1	0	0	0	0	0	0	0	4	0	0	0	1	0	0	1	0	1	0	0	0	0	0
Signaling by ERBB4	21	4	4	3	17	11	7	4	5	2	0	0	1	2	0	3	3	4	5	2	3	4	12	4	1	13	3	19	1	5	1	3	1	15	7	3	2	5	1	2	0	1	4	4	3	2	3	1	3	1	2	1	0	0	1	1	0	0	1	1	2	1	0	1	3	0	1	1	0	1	1	0	0	1	0	0	1	1	3	2	3	2	0	0	0	2	2	0	0	0	2	0	3	1	13	2	1	2	2	3
Laminin interactions	1	1	0	0	11	8	0	0	1	0	0	2	0	0	1	0	1	0	0	0	0	0	0	1	0	3	1	1	0	0	0	2	0	2	1	2	0	2	1	1	0	3	0	0	1	0	0	0	0	0	0	0	0	1	0	1	0	0	0	2	0	1	0	0	0	0	0	1	0	0	0	0	0	0	0	0	0	0	0	0	0	0	0	1	0	0	0	1	0	0	1	1	0	0	3	1	1	0	0	0
Protein folding	6	1	0	1	6	2	4	1	0	0	0	0	1	0	2	0	1	4	0	0	1	1	4	1	1	4	1	8	0	1	1	0	0	5	6	1	3	1	1	1	0	2	0	0	1	1	1	0	2	1	2	0	0	0	0	0	0	0	0	1	0	1	0	0	1	1	0	0	0	0	0	0	0	0	0	1	0	1	0	0	0	0	0	0	0	0	0	0	0	0	0	1	0	0	5	0	0	0	0	1
RMTs methylate histone arginines	9	2	0	0	4	3	2	1	0	0	0	0	0	0	0	1	1	5	4	2	0	2	5	0	1	5	0	8	0	0	0	0	0	2	0	0	1	1	3	1	1	1	3	1	0	0	0	0	0	1	0	0	0	0	0	0	0	0	0	0	0	0	0	0	0	0	0	1	0	0	1	0	0	0	0	0	0	0	0	0	1	0	0	1	0	2	0	0	0	0	0	0	0	0	2	0	1	0	0	0
Signaling by NOTCH1 in Cancer	4	2	2	2	11	8	7	0	2	0	0	0	0	0	0	0	0	1	2	0	3	0	2	0	0	5	3	7	2	1	0	3	1	3	5	5	3	1	2	1	0	3	3	5	6	0	1	0	1	1	0	0	0	0	1	2	0	0	0	1	1	0	0	0	0	1	0	0	0	1	0	0	0	0	0	0	0	1	0	1	2	0	1	0	0	0	1	0	0	0	0	1	1	0	0	0	0	0	1	0
Visual phototransduction	14	2	1	1	7	3	4	1	0	0	0	0	0	0	0	0	0	0	1	1	1	2	12	0	0	6	2	9	0	0	2	1	0	6	5	1	4	2	1	2	2	1	1	3	1	1	2	0	2	0	0	0	0	0	0	0	1	2	0	1	0	0	0	0	2	0	1	1	0	0	0	0	1	0	0	0	0	0	0	0	0	0	0	0	0	0	0	0	0	0	0	1	0	0	4	1	0	0	0	0
M/G1 Transition	19	1	0	0	7	6	3	2	2	2	0	0	0	0	0	0	0	3	0	0	1	1	3	0	2	4	2	8	0	0	0	0	0	4	7	3	0	2	4	0	0	1	0	3	2	1	0	0	0	0	0	0	1	0	0	0	0	0	0	1	0	0	0	0	2	0	0	0	0	0	0	0	0	0	0	0	0	0	1	0	0	0	0	0	0	1	0	0	0	0	1	1	0	0	5	0	0	0	0	0
Latent infection of Homo sapiens with Mycobacterium tuberculosis	6	3	0	0	3	2	0	2	0	0	0	0	0	1	0	0	0	0	0	3	1	2	4	0	0	2	3	3	0	1	1	2	0	3	6	1	0	0	0	1	0	0	1	1	1	0	1	0	1	3	0	0	0	0	0	0	0	2	0	0	0	0	0	1	1	0	0	0	0	0	0	0	0	0	0	0	0	0	0	0	0	0	0	0	0	1	1	0	0	0	0	0	0	0	2	0	0	0	0	0
Synthesis of DNA	23	1	0	0	8	9	4	2	2	2	0	0	0	0	0	0	0	3	1	0	2	1	5	0	2	6	3	11	0	0	2	1	0	5	7	4	1	2	5	0	0	1	0	2	3	1	1	0	1	1	1	0	1	0	0	2	0	0	0	1	0	0	0	0	3	0	0	0	0	0	0	0	0	1	0	0	0	0	1	0	0	0	0	0	0	1	0	0	0	0	1	1	0	0	4	1	0	0	0	0
Diseases associated with visual transduction	14	2	1	1	7	3	4	1	0	0	0	0	0	0	0	0	0	0	1	1	1	2	12	0	0	6	2	9	0	0	2	1	0	6	5	1	4	2	1	2	2	1	1	3	1	1	2	0	2	0	0	0	0	0	0	0	1	2	0	1	0	0	0	0	2	0	1	1	0	0	0	0	1	0	0	0	0	0	0	0	0	0	0	0	0	0	0	0	0	0	0	1	0	0	4	1	0	0	0	0
Signaling by SCF-KIT	22	4	3	3	12	7	8	4	5	3	0	0	1	2	0	3	3	2	2	2	3	5	10	4	2	11	3	18	1	3	1	3	1	13	7	3	2	6	1	3	0	2	3	2	4	2	3	1	3	1	2	1	0	0	1	1	0	0	1	0	1	1	1	1	2	0	1	1	0	0	1	0	0	1	0	0	1	1	2	1	3	1	0	0	0	1	2	0	0	0	1	0	3	1	13	2	1	2	2	3
Signaling by WNT in cancer	33	5	5	2	15	15	4	3	3	2	0	0	1	2	3	0	3	10	7	1	1	4	9	1	3	11	5	26	1	2	4	1	0	16	17	5	3	3	8	0	1	3	2	4	6	4	5	0	1	1	0	0	2	0	0	1	1	1	0	1	1	0	0	0	2	0	0	2	0	2	0	0	0	2	0	1	0	1	1	2	1	1	0	0	1	4	1	1	0	0	0	1	1	1	9	1	1	0	0	1
Scavenging of heme from plasma	6	0	0	0	3	2	0	1	2	0	0	0	0	0	1	0	0	0	0	0	0	0	2	0	0	0	0	3	0	0	0	0	0	0	0	0	1	1	0	0	0	1	0	0	0	0	1	0	0	0	0	1	0	0	0	0	0	0	0	1	0	0	0	0	2	0	0	1	0	0	0	0	1	0	0	0	0	0	0	0	0	0	0	0	0	0	0	0	0	0	0	1	0	0	3	0	0	0	0	0
RNA Polymerase II Transcription	21	0	3	3	6	4	6	2	4	0	0	0	0	0	0	0	1	1	2	2	1	0	7	0	1	6	3	9	0	2	1	3	0	6	6	3	2	2	5	1	0	3	1	2	3	2	2	0	0	2	0	1	0	0	0	0	0	0	0	1	0	0	0	1	1	1	0	0	0	0	2	2	0	0	0	1	0	0	0	0	0	0	0	1	0	0	0	0	2	0	0	1	0	0	4	0	0	0	1	0
