Apoptosis	25	4	2	3	3	4	1	3	2	0	4	3	3	4	0	3	2	6	3	2	3	1	2	2	2	2	1	0	0	0	1	0	0	1	0	1	0	3	0	1	1	0	1	1	0	0	1	0	0	1	0	2	1	1	0	0
Binding and Uptake of Ligands by Scavenger Receptors	9	0	1	1	2	0	0	2	0	1	0	1	2	1	0	1	0	2	2	0	1	0	1	0	0	1	0	0	1	1	1	0	0	1	0	0	0	2	0	0	1	0	0	0	0	1	1	0	0	0	0	0	0	0	0	0
Cell Cycle	87	8	6	9	5	3	1	7	10	9	8	3	7	18	2	9	10	14	18	5	6	2	5	6	4	3	3	0	2	2	0	1	0	1	0	2	0	7	0	1	0	0	2	1	0	1	1	0	2	2	1	1	2	0	1	0
Cell-Cell communication	19	2	4	2	3	1	3	4	2	0	3	2	2	6	1	1	4	4	5	0	3	1	2	6	2	1	0	1	2	1	1	0	0	1	2	1	1	3	1	0	0	1	1	1	0	1	2	0	1	0	0	3	1	1	0	0
Cellular responses to stress	38	5	7	7	3	1	0	4	5	2	6	3	9	7	1	2	7	4	6	1	2	1	3	4	2	3	1	1	2	2	0	1	0	1	0	2	0	4	1	0	0	1	1	0	0	0	2	0	0	0	1	2	2	0	0	0
Chromatin organization	27	11	2	2	3	0	0	3	8	2	4	1	2	8	2	3	4	6	10	1	1	0	2	1	0	3	0	0	1	0	0	0	0	3	1	2	0	1	2	0	2	0	2	1	0	0	0	0	1	0	1	0	1	3	0	0
Circadian Clock	6	2	2	1	0	2	0	1	2	0	1	0	1	3	0	2	2	3	2	1	0	0	0	2	0	0	0	0	0	0	0	0	0	1	0	0	0	0	0	0	0	0	1	0	0	0	0	0	0	0	1	0	1	0	0	0
Developmental Biology	60	15	14	16	13	5	4	4	14	7	3	3	7	22	1	8	11	17	20	7	3	2	11	9	2	5	2	5	3	2	2	2	0	1	2	1	2	8	3	1	2	3	1	3	0	2	3	1	1	0	3	3	4	2	3	0
Disease	165	31	23	18	21	8	5	8	22	14	18	10	16	34	5	14	26	37	36	7	20	5	22	16	4	8	3	2	6	4	2	5	2	1	2	2	5	16	3	3	4	2	4	2	1	2	5	0	3	2	5	5	6	6	3	2
DNA Repair	22	1	0	2	1	0	0	1	1	4	3	1	3	2	0	2	5	3	2	0	1	1	0	3	1	1	1	0	1	0	0	0	0	1	0	0	0	1	0	0	0	0	0	0	0	0	0	0	1	0	0	0	0	0	1	0
DNA Replication	24	1	0	0	2	2	0	0	1	0	2	0	0	4	0	1	0	3	3	1	1	0	1	1	1	0	1	0	0	2	0	0	0	1	0	0	0	3	0	0	0	0	0	0	0	0	1	0	0	0	0	1	0	0	0	0
Extracellular matrix organization	31	8	6	3	3	4	4	2	8	4	2	0	1	5	0	4	5	11	4	2	1	0	3	7	2	1	1	1	1	2	1	0	1	2	2	0	1	4	2	1	2	1	1	1	0	0	0	0	1	0	2	0	1	2	0	0
Gene Expression	181	19	73	23	20	10	6	6	21	5	5	6	10	29	4	10	14	24	27	6	10	8	9	18	0	5	3	2	8	3	3	2	1	2	2	2	3	9	4	1	2	2	0	2	2	3	3	0	3	1	3	3	2	3	3	0
Hemostasis	59	14	7	5	8	7	1	3	11	9	5	4	4	14	1	6	11	15	12	7	7	4	7	7	1	3	3	1	1	1	0	0	1	2	0	2	4	11	2	1	0	1	1	2	1	1	1	0	0	0	4	0	1	4	1	0
Immune System	142	27	21	12	27	5	10	6	14	11	15	8	20	28	2	15	19	29	28	8	11	2	11	16	6	5	4	4	6	3	3	3	3	3	2	1	4	12	4	4	2	4	2	2	1	2	4	0	1	1	4	5	3	5	3	0
Membrane Trafficking	38	2	3	3	7	0	1	2	2	2	1	1	2	14	0	3	2	5	13	1	4	1	1	4	0	0	0	0	0	4	1	2	0	1	0	0	1	1	2	1	0	0	0	0	0	0	0	0	0	0	1	0	0	1	0	0
Metabolism	209	37	26	25	33	11	8	15	23	17	14	6	21	41	5	16	28	59	47	4	22	2	25	18	3	5	2	4	9	3	2	2	3	1	3	1	1	20	1	4	6	7	3	1	1	2	2	1	1	3	3	3	6	3	2	2
Metabolism of proteins	72	23	17	15	10	3	6	9	35	9	4	5	4	19	3	6	11	24	20	5	7	1	4	8	3	6	0	0	3	1	3	0	1	1	2	2	1	9	2	4	4	0	1	1	1	1	1	1	4	0	7	2	5	2	1	0
Muscle contraction	2	3	1	0	1	2	0	1	9	1	1	2	0	3	0	3	1	3	2	1	0	0	2	0	0	0	0	0	0	3	0	0	0	1	0	0	2	0	0	0	0	0	0	0	0	1	1	0	0	0	0	0	0	0	0	0
Neuronal System	33	6	10	10	11	1	1	4	7	4	2	3	3	9	1	2	9	15	10	2	5	1	4	5	0	2	1	3	1	2	1	1	2	1	2	1	0	4	0	1	0	0	0	0	0	0	0	0	1	0	1	1	2	1	1	1
Organelle biogenesis and maintenance	8	1	2	1	0	2	0	1	2	0	0	0	1	3	0	1	2	5	3	0	0	0	1	3	0	1	0	0	0	0	0	0	0	1	0	0	0	0	0	0	0	0	0	0	0	0	0	0	0	0	1	0	1	1	0	0
Reproduction	4	1	0	0	0	1	1	2	0	1	0	0	1	4	0	2	0	0	2	0	0	0	0	0	0	0	0	0	0	0	0	0	0	0	0	0	0	1	0	0	0	0	0	0	0	0	0	0	0	0	0	0	0	0	0	0
Signal Transduction	251	41	28	30	32	10	10	13	36	19	51	13	29	43	4	18	32	59	49	13	18	33	21	35	6	6	5	9	8	5	4	7	4	2	4	4	8	17	5	4	9	3	4	5	0	3	7	1	3	2	9	10	8	5	10	2
Transmembrane transport of small molecules	69	13	9	7	15	0	2	2	12	16	5	2	8	15	3	4	17	20	17	3	8	3	5	11	2	4	2	2	5	4	2	1	1	1	1	1	0	2	1	2	0	1	0	2	0	1	0	0	3	1	2	3	3	1	0	0
